== 1. Blue Cross rows for 95922, 95924, 93660 (from raw items)

-- Blue-Care-Elect-Fully-Insured
                                                             prices  provider_refs  rate_min  rate_max
code  billing_class service_codes modifiers negotiated_type                                           
93660 institutional 22            (none)    fee schedule         53             65    654.43   1642.07
                                            percentage            8              8     56.15    100.00
      professional  11            26        fee schedule         77           7402     87.46    607.01
                                            percentage            2              3     72.75    100.00
95922 institutional 22            (none)    fee schedule         53             65    153.06    384.06
                                            percentage            8              8     56.15    100.00
      professional  11            26        fee schedule         28            426     51.20    302.06
                                            percentage            1              1     72.75     72.75
95924 institutional 22            (none)    fee schedule         53             65    195.43    490.35
                                            percentage            8              8     56.15    100.00
      professional  11            26        fee schedule         29            426     97.07    572.67
                                            percentage            1              1     72.75     72.75

-- HMO-Blue-Fully-Insured
                                                             prices  provider_refs  rate_min  rate_max
code  billing_class service_codes modifiers negotiated_type                                           
93660 institutional 22            (none)    fee schedule         56             65    620.07   1594.17
                                            percentage            6              6     53.33     72.75
      professional  11            26        fee schedule         79           7400     87.46    607.01
                                            percentage            2              3     72.75    100.00
95922 institutional 22            (none)    fee schedule         56             65    145.03    372.86
                                            percentage            6              6     53.33     72.75
      professional  11            26        fee schedule         28            426     51.20    302.06
                                            percentage            1              1     72.75     72.75
95924 institutional 22            (none)    fee schedule         56             65    185.16    476.05
                                            percentage            6              6     53.33     72.75
      professional  11            26        fee schedule         29            426     97.07    572.67
                                            percentage            1              1     72.75     72.75

-- New-England-Managed-Care-Fully-Insured
                                                             prices  provider_refs  rate_min  rate_max
code  billing_class service_codes modifiers negotiated_type                                           
93660 institutional 22            (none)    fee schedule         56             65    620.07   1594.17
                                            percentage            6              6     53.33     72.75
      professional  11            26        fee schedule         79           7394     87.46    607.01
                                            percentage            2              3     72.75    100.00
95922 institutional 22            (none)    fee schedule         56             65    145.03    372.86
                                            percentage            6              6     53.33     72.75
      professional  11            26        fee schedule         28            426     51.20    302.06
                                            percentage            1              1     72.75     72.75
95924 institutional 22            (none)    fee schedule         56             65    185.16    476.05
                                            percentage            6              6     53.33     72.75
      professional  11            26        fee schedule         29            426     97.07    572.67
                                            percentage            1              1     72.75     72.75

-- PAR-Providers
                                                             prices  provider_refs  rate_min  rate_max
code  billing_class service_codes modifiers negotiated_type                                           
93660 institutional 22            (none)    fee schedule         51             63    654.43   1642.07
                                            percentage            9             10     57.30    100.00
      professional  11            26        fee schedule         77           7407     87.46    607.01
                                            percentage            1              2     72.75     72.75
95922 institutional 22            (none)    fee schedule         51             63    153.06    384.06
                                            percentage            9             10     57.30    100.00
      professional  11            26        fee schedule         28            426     51.20    302.06
                                            percentage            1              1     72.75     72.75
95924 institutional 22            (none)    fee schedule         51             63    195.43    490.35
                                            percentage            9             10     57.30    100.00
      professional  11            26        fee schedule         29            426     97.07    572.67
                                            percentage            1              1     72.75     72.75

   professional rows without modifier 26, or any TC row, for 95922, 95924, 93660 in any Blue Cross file: 0

== 2. Office professional global rates for comparison codes (Blue Cross)

-- Blue-Care-Elect-Fully-Insured: 19,272 in_network items scanned; comparison codes present: 27 of 38 listed

-- New-England-Managed-Care-Fully-Insured: 19,290 in_network items scanned; comparison codes present: 27 of 38 listed

-- HMO-Blue-Fully-Insured: 19,271 in_network items scanned; comparison codes present: 27 of 38 listed

-- PAR-Providers: 19,277 in_network items scanned; comparison codes present: 27 of 38 listed

   office professional global: Y <modal non-percentage rate, weighted by provider references> / N (code present, no office global) / absent (code not in file)
            BCE  HMO-Blue      NEMC PAR-Providers
code                                             
93000   Y 17.11   Y 17.11   Y 17.11       Y 17.11
93224   Y 87.14   Y 87.14   Y 87.14       Y 87.14
93225   Y 61.57   Y 61.57   Y 61.57       Y 61.57
93226  Y 108.24  Y 108.24  Y 108.24      Y 108.24
93227         N         N         N             N
93660         N         N         N             N
93880  Y 246.82  Y 246.82  Y 246.82      Y 289.04
93886         N         N         N             N
95860   Y 48.29   Y 48.29   Y 48.29       Y 48.29
95861   Y 36.64   Y 36.64   Y 36.64       Y 36.64
95862    absent    absent    absent        absent
95863   Y 46.66   Y 46.66   Y 46.66       Y 46.66
95864   Y 88.55   Y 88.55   Y 88.55       Y 88.55
95865   Y 33.32   Y 33.32   Y 33.32       Y 33.32
95866   Y 10.78   Y 10.78   Y 10.78       Y 10.78
95867   Y 28.88   Y 28.88   Y 28.88       Y 28.88
95868   Y 34.91   Y 34.91   Y 34.91       Y 34.91
95869   Y 10.62   Y 10.62   Y 10.62       Y 10.62
95870   Y 10.62   Y 10.62   Y 10.62       Y 10.62
95871    absent    absent    absent        absent
95872   Y 30.14   Y 30.14   Y 30.14       Y 30.14
95873   Y 84.49   Y 84.49   Y 84.49       Y 84.49
95874   Y 91.29   Y 91.29   Y 91.29       Y 91.29
95875   Y 48.57   Y 48.57   Y 48.57       Y 48.57
95876    absent    absent    absent        absent
95877    absent    absent    absent        absent
95878    absent    absent    absent        absent
95879    absent    absent    absent        absent
95880    absent    absent    absent        absent
95881    absent    absent    absent        absent
95882    absent    absent    absent        absent
95883    absent    absent    absent        absent
95884    absent    absent    absent        absent
95885   Y 73.99   Y 73.99   Y 73.99       Y 73.99
95886  Y 113.86  Y 113.86  Y 113.86      Y 113.86
95907         N         N         N             N
95908  Y 132.74  Y 132.74  Y 132.74      Y 132.74
95910  Y 208.55  Y 208.55  Y 208.55      Y 208.55
95911  Y 249.65  Y 249.65  Y 249.65      Y 249.65
95921  Y 104.62  Y 104.62  Y 104.62      Y 104.62
95922         N         N         N             N
95923  Y 144.43  Y 144.43  Y 144.43      Y 144.43
95924         N         N         N             N

   comparison codes present in files: 27 of 38 listed; with an office global rate in every file: 24
   comparison codes present but lacking office global in some file: ['93227', '93886', '95907']
     93227: institutional/global/facility/other=61; professional/26/office=91; professional/52/office=32
     93886: institutional/global/facility/other=61; professional/26/office=39
     95907: institutional/global/facility/other=65; professional/26/office=33; professional/26,TC/office=1; professional/53/facility/other=30; professional/TC/office=29

== 3. Tax IDs holding Blue Cross 95924-26 rates
   423 tax IDs; 1,484 NPI links (955 distinct NPIs); in all 4 files: 423; with business name: 105
   rate distribution (TINs): 97.07: 325, 166.24: 11, 158.90 | 165.50: 11, 221.43: 10, 143.66: 7, 209.73 | 219.73: 6, 238.33: 5, 155.99 | 162.40: 5
   written to output/bcbs_95924_26_tins.csv; full list:
   tin           npis files  95924-26 rate(s)       business name / first NPIs
   04-2807148     154     4  238.33                 MGPO INC DBA BENSON HENRY INSTITU  [1003101056, 1003340159, 1003892449...]
   04-3466314     119     4  238.33                 BRIGHAM AND WOMENS PHYSICIANS ORGANI  [1003101056, 1013038454, 1013971290...]
   22-2768204      74     4  166.24                 HARVARD MEDICAL FACULTY PHYS AT BIDM HMFP AT BIDMC DBA HEALT  [1023571361, 1053603522, 1053699918...]
   04-2774441      72     4  572.67                 THE CHILDRENS HOSPITAL CORP  [1003305012, 1003970328, 1013174804...]
   22-2678594      72     4  572.67                 CHILDRENS HOSPITAL NEUROLOGY FNDT  [1003305012, 1003970328, 1013174804...]
   04-2911067      65     4  209.73 | 219.73        UMASS MEMORIAL MEDICAL GROUP INC  [1013990084, 1023218914, 1023437340...]
   04-2704683      43     4  166.25                 LAHEY CLINIC INC  [1023291556, 1033202353, 1033438031...]
   04-3428462      42     4  143.66                 BOSTON UNIVERSITY NEUROLOGY  [1003376039, 1003807215, 1013979277...]
   04-2697983      40     4  238.33 | 254.89        THE GENERAL HOSPITAL CORPORATION DBA MASS GENERAL HOSPITAL  [1003340159, 1013038454, 1023340940...]
   04-2888373      30     4  97.07 | 128.23 | 137.1 BAYSTATE MEDICAL PRACTICES INC  [1013179761, 1033505821, 1043771165...]
   04-3148384      27     4  167.83 | 167.85 | 180. PRATT NEUROLOGY ASSOCIATES  [1023570991, 1083865257, 1093967283...]
   04-3148394      25     4  180.20 | 180.21        PRATT PEDIATRIC ASSOCIATES  [1013174804, 1023042785, 1023570991...]
   04-2103881      24     4  166.24                 BETH ISRAEL DEACONESS MEDICAL CENTER  [1023571361, 1053603522, 1053699918...]
   04-3211342      20     4  97.07                  BOSTON VAMC DBA BEDFORD VA CLINIC  [1003903188, 1134599095, 1154748036...]
   04-3306782      20     4  163.16 | 167.97        SIGNATURE HEALTHCARE MEDICAL GRP INC  [1053699918, 1073951539, 1083065148...]
   04-2995053      17     4  127.55                 BERKSHIRE FACULTY SERVICES INC  [1104020791, 1164405080, 1568457695...]
   04-2263040      15     4  193.75                 DANA FARBER CANCER INSTITUTE  [1053393496, 1083009559, 1205253218...]
   04-3170333      14     4  147.93 | 172.11        COASTAL MEDICAL ASSOCIATES  [1053447771, 1114247582, 1154841351...]
   04-3218267      14     4  158.90 | 165.50        BMC AFFILIATED PHYSICIANS INC  [1003807215, 1013295716, 1184855314...]
   04-3397450      14     4  146.71 | 169.92        ATRIUS HEALTH INC  [1164911061, 1245495050, 1275580912...]
   20-5671277      14     4  169.65                 LGH MEDICAL GROUP LLC  [1013070523, 1154717130, 1184006017...]
   04-3320571      13     4  166.24                 CAMBRIDGE PUBLIC HEALTH COMMISSION  [1053577197, 1225475478, 1245890912...]
   04-3187299      12     4  155.99 | 162.40        MEDICAL AFFILIATES OF CAPE COD INC  [1184855314, 1245337963, 1295774057...]
   47-3773873      11     4  209.73 | 219.73        COMMUNITY NEUROSCIENCE SERVICES LLC  [1023218914, 1144490533, 1164573283...]
   77-0605382      11     4  221.43                 NEWTON WELLESLEY NEUROLOGY ASSOC PC  [1194958488, 1235185968, 1235494048...]
   04-3208311      10     4  97.07                  NORTHAMPTON VA MEDICAL CENTER  [1104866524, 1285925016, 1295155117...]
   04-3029929       8     4  140.56                 MERCY INPATIENT MEDICAL ASSOC DBA TRINITY HEALTH OF NE  [1407219371, 1528590395, 1659614931...]
   04-3485648       8     4  166.24                 SEACOAST AFFILIATED GROUP PRACTICE  [1053699918, 1093109563, 1144457755...]
   04-2104691       7     4  72.75% | 221.43        MARTHAS VINEYARD HOSPITAL  [1255580031, 1396125217, 1417235557...]
   22-2472997       7     4  163.16 | 167.97        BROCKTON HOSPITAL INC  [1073951539, 1083065148, 1528229184...]
   22-2658209       7     4  238.33                 MASS EYE AND EAR ASSOCIATES  [1033347281, 1053390625, 1578725685...]
   32-0367841       7     4  155.99 | 162.40        PHYSICIANS OF CAPE COD HOSPITAL  [1245337963, 1306888953, 1366005860...]
   04-2472266       6     4  173.81 | 184.33        RELIANT MEDICAL GROUP  [1336609775, 1477537520, 1508494436...]
   04-3201853       6     4  166.25                 NORTHEAST MEDICAL PRACTICE INC  [1033438031, 1043314198, 1043504798...]
   27-2777455       6     4  158.90 | 165.50        STEWARD MEDICAL GROUP INC  [1003875196, 1528062858, 1548433030...]
   32-0058309       6     4  166.24                 ASSOCIATED PHYSICIANS OF HMFP OF  [1144457755, 1386811032, 1649546367...]
   45-1196793       6     4  166.25                 NORTH SHORE NEUROLOGY EMG LLC  [1023216827, 1043314198, 1245401678...]
   04-2472758       5     4  143.66                 CHILD HEALTH FOUNDATION OF BOSTON  [1184644536, 1265790810, 1366860173...]
   04-3286529       5     4  158.90 | 165.50        PRIMA CARE PC DBA PRIMACARE PC  [1003222167, 1225382740, 1235115361...]
   46-1420654       5     4  158.90 | 165.50        NEUROLOGY CENTER OF NEW ENGLAND PC  [1518911767, 1588715882, 1740613371...]
   04-2312909       4     4  238.33                 BRIGHAM AND WOMENS HOSPITAL INC  [1205496635, 1437592268, 1639344583...]
   04-2629543       4     4  221.43                 ESSEX NEUROLOGICAL ASSOC PC  [1093784688, 1336710052, 1730594243...]
   04-3026897       4     4  166.24                 MT AUBURN PROFESSIONAL SERVICES  [1003875196, 1215154430, 1508170820...]
   04-3111240       4     4  221.43                 EMERSON PRACTICE ASSOCIATES INC  [1013295716, 1184614414, 1497773584...]
   04-3228556       4     4  166.24                 JORDAN PHYSICIAN ASSOCIATES INC  [1538131479, 1558388389, 1730277914...]
   22-2703314       4     4  173.66                 SOUTHCOAST PHYSICIANS GROUP INC  [1336107150, 1588287502, 1699333740...]
   47-1122331       4     4  209.73 | 219.73        GREATER MILFORD NEUROLOGY  [1174611008, 1184658825, 1376643478...]
   33-1237732       3     4  158.90 | 165.50        LIFESPAN PHYSICIAN GROUP OF  [1437179199, 1528062858, 1861441891]
   43-1987409       3     4  572.67                 CHILDRENS HOSPITAL PEDIATRICS ASSOC  [1518087303, 1700867975, 1821053133]
   45-4884805       3     4  140.56                 MERCY MEDICAL GROUP INC DBA TRINITY HEALTH OF NE MED GROUP  [1134570377, 1174028963, 1558543686]
   04-2103823       2     4  221.43                 NANTUCKET COTTAGE HOSPITAL  [1255580031, 1598027898]
   04-2743894       2     4  180.20 | 180.21        PRATT MEDICAL GROUP INC  [1710934450, 1881794873]
   04-2810972       2     4  166.24                 MEDICAL CARE OF BOSTON MANAGEMENT CO DBA BIDHC EXTENDED COMM  [1245298298, 1952557423]
   04-3080484       2     4  221.43                 MASS GENERAL BRIGHAM MEDICAL GROUP  [1093784688, 1609069111]
   04-3140938       2     4  167.83 | 167.85        HALLMARK HEALTH MED ASSOC INC  [1376640094, 1922143296]
   04-3194547       2     4  135.70                 MASS GENERAL BRIGHAM MEDICAL GROUP  [1417932542, 1912267972]
   04-3481427       2     4  158.90 | 165.50        ANGELS NEUROLOGICAL CENTERS PC  [1326012766, 1417908021]
   22-2520073       2     4  112.02                 HOLYOKE MEDICAL CENTER INC  [1114000734, 1578551966]
   22-2560501       2     4  221.43                 MASS GENERAL BRIGHAM MEDICAL GROUP  [1376863266, 1932605474]
   33-1080070       2     4  112.02                 NEUROLOGICAL ASSOCS OF WESTERN MASS  [1235126061, 1578551966]
   47-5593426       2     4  158.90 | 165.50        ELLIOT LEWIS CENTER FOR MULTIPLE  [1659367522, 1831539519]
   51-0172171       2     4  143.66                 EVANS MEDICAL FOUNDATION INC  [1801879150, 1922374925]
   86-2833892       2     4  135.90                 CORTICA DEVELOPMENTAL THERAPIES PA  [1194974600, 1760827646]
   02-0496636       1     4  97.07                  JOAN C BREEN MD  [1104816156]
   04-2593677       1     4  97.07                  STEPHEN W PARKER MD  [1366432536]
   04-2682152       1     4  143.66                 SOUTH BOSTON COMMUNITY HEALTH CENTER  [1184644536]
   04-2702169       1     4  459.63                 CHMC ANESTHESIA FOUNDATION INC  [1235123381]
   04-2709501       1     4  125.32                 STURDY MEMORIAL ASSOCIATES INC DBA N ATTLEBOROUGH MED  [1477040558]
   04-2768252       1     4  125.32                 STURDY MEMORIAL HOSPITAL  [1205000148]
   04-2933202       1     4  221.43                 GARY STANTON MD PC  [1598749939]
   04-2979891       1     4  97.07                  GIGI N GIRGIS MD  [1053387316]
   04-3096445       1     4  180.20 | 180.21        PRATT NEUROSURGICAL ASSOC  [1922162221]
   04-3116485       1     4  166.24                 AMIN SABRA MD PC  [1538274808]
   04-3148392       1     4  180.20 | 180.21        PRATT OPHTHALMOLOGY ASSOCIATES  [1376929893]
   04-3163589       1     4  209.73 | 219.73        HEYWOOD AFFILIATED MEDICAL GROUP INC DBA HEYWOOD URGENT CARE  [1093944332]
   04-3214787       1     4  97.07                  EDITH NOURSE ROGERS MEMORIAL  [1881600120]
   04-3280466       1     4  97.07                  RIZKALLA MOUCHATI MD  [1093748360]
   04-3283573       1     4  143.66                 BOSTON UNIV MED CTR RADIOLOGISTS INC  [1922162221]
   04-3430578       1     4  158.90 | 165.50        BOSTON NEURO BEHAVIORAL ASSOCIATES  [1891903712]
   04-3447765       1     4  167.83 | 167.85        WINCHESTER PHYSICIAN ASSOCIATE GROUP  [1033438031]
   04-3582485       1     4  209.73 | 219.73        NERHC INC  [1043251598]
   05-0373438       1     4  221.43                 BARRY L LEVIN MD  [1497773584]
   1003146879       1     4  97.07                    [1003146879]
   1003532060       1     4  97.07                    [1003532060]
   1003807215       1     4  97.07                    [1003807215]
   1013070523       1     4  97.07                    [1013070523]
   1013179761       1     4  97.07                    [1013179761]
   1013295716       1     4  97.07                    [1013295716]
   1013302744       1     4  97.07                    [1013302744]
   1013599372       1     4  97.07                    [1013599372]
   1013979277       1     4  97.07                    [1013979277]
   1023218914       1     4  97.07                    [1023218914]
   1023340940       1     4  97.07                    [1023340940]
   1023644952       1     4  97.07                    [1023644952]
   1033347240       1     4  97.07                    [1033347240]
   1033505821       1     4  97.07                    [1033505821]
   1043201502       1     4  97.07                    [1043201502]
   1043421845       1     4  97.07                    [1043421845]
   1043771165       1     4  97.07                    [1043771165]
   1053446013       1     4  97.07                    [1053446013]
   1073076915       1     4  97.07                    [1073076915]
   1073591228       1     4  97.07                    [1073591228]
   1073804431       1     4  97.07                    [1073804431]
   1083118574       1     4  97.07                    [1083118574]
   1083654289       1     4  97.07                    [1083654289]
   1083789556       1     4  97.07                    [1083789556]
   1083848477       1     4  97.07                    [1083848477]
   1083976757       1     4  97.07                    [1083976757]
   1093798852       1     4  97.07                    [1093798852]
   1093944332       1     4  97.07                    [1093944332]
   1093967283       1     4  97.07                    [1093967283]
   1104020791       1     4  97.07                    [1104020791]
   1104091107       1     4  97.07                    [1104091107]
   1104807767       1     4  97.07                    [1104807767]
   1114000734       1     4  97.07                    [1114000734]
   1114314127       1     4  97.07                    [1114314127]
   1114555323       1     4  97.07                    [1114555323]
   1124090691       1     4  97.07                    [1124090691]
   1134116270       1     4  97.07                    [1134116270]
   1134182769       1     4  97.07                    [1134182769]
   1134705072       1     4  97.07                    [1134705072]
   1144256090       1     4  97.07                    [1144256090]
   1144490533       1     4  97.07                    [1144490533]
   1144496324       1     4  97.07                    [1144496324]
   1144514688       1     4  97.07                    [1144514688]
   1154303170       1     4  97.07                    [1154303170]
   1154338028       1     4  97.07                    [1154338028]
   1164041612       1     4  97.07                    [1164041612]
   1164488128       1     4  97.07                    [1164488128]
   1164545299       1     4  97.07                    [1164545299]
   1164573283       1     4  97.07                    [1164573283]
   1164611612       1     4  97.07                    [1164611612]
   1164776449       1     4  97.07                    [1164776449]
   1174638407       1     4  97.07                    [1174638407]
   1174758130       1     4  97.07                    [1174758130]
   1174898118       1     4  97.07                    [1174898118]
   1184614414       1     4  97.07                    [1184614414]
   1184635633       1     4  97.07                    [1184635633]
   1184776510       1     4  97.07                    [1184776510]
   1184910689       1     4  97.07                    [1184910689]
   1184949224       1     4  97.07                    [1184949224]
   1194106609       1     4  97.07                    [1194106609]
   1194762724       1     4  97.07                    [1194762724]
   1205464518       1     4  97.07                    [1205464518]
   1205824356       1     4  97.07                    [1205824356]
   1215008693       1     4  97.07                    [1215008693]
   1215198692       1     4  97.07                    [1215198692]
   1215236476       1     4  97.07                    [1215236476]
   1225065394       1     4  97.07                    [1225065394]
   1225477953       1     4  97.07                    [1225477953]
   1225487036       1     4  97.07                    [1225487036]
   1235126061       1     4  97.07                    [1235126061]
   1235510645       1     4  97.07                    [1235510645]
   1235627373       1     4  97.07                    [1235627373]
   1235751462       1     4  97.07                    [1235751462]
   1245271881       1     4  97.07                    [1245271881]
   1245554708       1     4  97.07                    [1245554708]
   1255079703       1     4  97.07                    [1255079703]
   1255394730       1     4  97.07                    [1255394730]
   1255454393       1     4  97.07                    [1255454393]
   1255580031       1     4  97.07                    [1255580031]
   1255787214       1     4  97.07                    [1255787214]
   1255866232       1     4  97.07                    [1255866232]
   1265056758       1     4  97.07                    [1265056758]
   1265415616       1     4  97.07                    [1265415616]
   1265675292       1     4  97.07                    [1265675292]
   1265920888       1     4  97.07                    [1265920888]
   1275040891       1     4  97.07                    [1275040891]
   1275516296       1     4  97.07                    [1275516296]
   1275528192       1     4  158.90 | 165.50          [1275528192]
   1275630212       1     4  97.07                    [1275630212]
   1275731952       1     4  97.07                    [1275731952]
   1275734659       1     4  97.07                    [1275734659]
   1275940801       1     4  97.07                    [1275940801]
   1285048439       1     4  97.07                    [1285048439]
   1285945543       1     4  97.07                    [1285945543]
   1295149185       1     4  97.07                    [1295149185]
   1295805075       1     4  97.07                    [1295805075]
   1295932374       1     4  97.07                    [1295932374]
   1316146871       1     4  97.07                    [1316146871]
   1316202906       1     4  97.07                    [1316202906]
   1316255870       1     4  97.07                    [1316255870]
   1316343734       1     4  97.07                    [1316343734]
   1316964182       1     4  97.07                    [1316964182]
   1326006453       1     4  97.07                    [1326006453]
   1326038506       1     4  97.07                    [1326038506]
   1326071911       1     4  97.07                    [1326071911]
   1326362880       1     4  97.07                    [1326362880]
   1336135649       1     4  97.07                    [1336135649]
   1336182260       1     4  97.07                    [1336182260]
   1336722529       1     4  97.07                    [1336722529]
   1346227006       1     4  97.07                    [1346227006]
   1346279890       1     4  97.07                    [1346279890]
   1346625886       1     4  97.07                    [1346625886]
   1356477038       1     4  97.07                    [1356477038]
   1356530349       1     4  97.07                    [1356530349]
   1356538417       1     4  97.07                    [1356538417]
   1366609315       1     4  97.07                    [1366609315]
   1366691354       1     4  97.07                    [1366691354]
   1366837668       1     4  97.07                    [1366837668]
   1366861353       1     4  97.07                    [1366861353]
   1376073528       1     4  97.07                    [1376073528]
   1376170548       1     4  97.07                    [1376170548]
   1376548081       1     4  97.07                    [1376548081]
   1376599415       1     4  97.07                    [1376599415]
   1376640094       1     4  97.07                    [1376640094]
   1376863266       1     4  97.07                    [1376863266]
   1386063808       1     4  97.07                    [1386063808]
   1386270239       1     4  97.07                    [1386270239]
   1386792307       1     4  97.07                    [1386792307]
   1396205514       1     4  97.07                    [1396205514]
   1396727327       1     4  97.07                    [1396727327]
   1396735601       1     4  97.07                    [1396735601]
   1396788972       1     4  97.07                    [1396788972]
   1396957064       1     4  97.07                    [1396957064]
   1407070964       1     4  97.07                    [1407070964]
   1407234131       1     4  97.07                    [1407234131]
   1417049107       1     4  97.07                    [1417049107]
   1417235557       1     4  97.07                    [1417235557]
   1417277047       1     4  97.07                    [1417277047]
   1417908021       1     4  97.07                    [1417908021]
   1427012822       1     4  97.07                    [1427012822]
   1427292861       1     4  97.07                    [1427292861]
   1437112067       1     4  97.07                    [1437112067]
   1437115177       1     4  97.07                    [1437115177]
   1437247293       1     4  97.07                    [1437247293]
   1437592268       1     4  97.07                    [1437592268]
   1437735867       1     4  97.07                    [1437735867]
   1437787330       1     4  97.07                    [1437787330]
   1447273511       1     4  97.07                    [1447273511]
   1447315650       1     4  97.07                    [1447315650]
   1447770441       1     4  97.07                    [1447770441]
   1447786694       1     4  97.07                    [1447786694]
   1457341083       1     4  97.07                    [1457341083]
   1457628786       1     4  97.07                    [1457628786]
   1457757254       1     4  97.07                    [1457757254]
   1467457127       1     4  97.07                    [1467457127]
   1467846402       1     4  97.07                    [1467846402]
   1467868711       1     4  97.07                    [1467868711]
   1467912808       1     4  97.07                    [1467912808]
   1477222594       1     4  97.07                    [1477222594]
   1477535953       1     4  97.07                    [1477535953]
   1477537520       1     4  97.07                    [1477537520]
   1477563088       1     4  97.07                    [1477563088]
   1477718153       1     4  97.07                    [1477718153]
   1487635504       1     4  97.07                    [1487635504]
   1497040315       1     4  97.07                    [1497040315]
   1497275622       1     4  97.07                    [1497275622]
   1497853972       1     4  97.07                    [1497853972]
   1508270596       1     4  97.07                    [1508270596]
   1508396748       1     4  97.07                    [1508396748]
   1508478793       1     4  97.07                    [1508478793]
   1518905876       1     4  97.07                    [1518905876]
   1518932524       1     4  97.07                    [1518932524]
   1518957422       1     4  97.07                    [1518957422]
   1528059813       1     4  97.07                    [1528059813]
   1528404076       1     4  97.07                    [1528404076]
   1528406170       1     4  97.07                    [1528406170]
   1528472073       1     4  97.07                    [1528472073]
   1528473527       1     4  97.07                    [1528473527]
   1528550043       1     4  97.07                    [1528550043]
   1528558772       1     4  97.07                    [1528558772]
   1528562758       1     4  97.07                    [1528562758]
   1538131479       1     4  97.07                    [1538131479]
   1538664990       1     4  97.07                    [1538664990]
   1548207764       1     4  97.07                    [1548207764]
   1548433030       1     4  97.07                    [1548433030]
   1558343962       1     4  97.07                    [1558343962]
   1558348037       1     4  97.07                    [1558348037]
   1558615799       1     4  97.07                    [1558615799]
   1558947077       1     4  97.07                    [1558947077]
   1568733608       1     4  97.07                    [1568733608]
   1568957595       1     4  97.07                    [1568957595]
   1588011183       1     4  97.07                    [1588011183]
   1598749459       1     4  97.07                    [1598749459]
   1598751521       1     4  97.07                    [1598751521]
   1598972382       1     4  97.07                    [1598972382]
   1609069111       1     4  97.07                    [1609069111]
   1609118967       1     4  97.07                    [1609118967]
   1609397348       1     4  97.07                    [1609397348]
   1609894104       1     4  97.07                    [1609894104]
   1619472305       1     4  97.07                    [1619472305]
   1619968179       1     4  97.07                    [1619968179]
   1629015219       1     4  97.07                    [1629015219]
   1629069109       1     4  97.07                    [1629069109]
   1629099486       1     4  97.07                    [1629099486]
   1629654728       1     4  97.07                    [1629654728]
   1639674385       1     4  97.07                    [1639674385]
   1639828270       1     4  97.07                    [1639828270]
   1649251281       1     4  97.07                    [1649251281]
   1649414681       1     4  97.07                    [1649414681]
   1649474644       1     4  97.07                    [1649474644]
   1659908929       1     4  97.07                    [1659908929]
   1669792636       1     4  97.07                    [1669792636]
   1669823803       1     4  97.07                    [1669823803]
   1679718290       1     4  97.07                    [1679718290]
   1679981864       1     4  97.07                    [1679981864]
   1689136368       1     4  97.07                    [1689136368]
   1689646606       1     4  97.07                    [1689646606]
   1689929333       1     4  97.07                    [1689929333]
   1689960197       1     4  97.07                    [1689960197]
   1699327007       1     4  97.07                    [1699327007]
   1699758334       1     4  97.07                    [1699758334]
   1700043833       1     4  97.07                    [1700043833]
   1700813789       1     4  97.07                    [1700813789]
   1710206248       1     4  97.07                    [1710206248]
   1720050073       1     4  97.07                    [1720050073]
   1720101843       1     4  97.07                    [1720101843]
   1720108400       1     4  97.07                    [1720108400]
   1720247943       1     4  97.07                    [1720247943]
   1720463342       1     4  97.07                    [1720463342]
   1720581515       1     4  97.07                    [1720581515]
   1720607542       1     4  97.07                    [1720607542]
   1730150947       1     4  97.07                    [1730150947]
   1730476680       1     4  97.07                    [1730476680]
   1730542606       1     4  97.07                    [1730542606]
   1730609389       1     4  97.07                    [1730609389]
   1730766684       1     4  97.07                    [1730766684]
   1740276658       1     4  97.07                    [1740276658]
   1750623245       1     4  97.07                    [1750623245]
   1750724571       1     4  97.07                    [1750724571]
   1760809743       1     4  97.07                    [1760809743]
   1770894107       1     4  97.07                    [1770894107]
   1770900128       1     4  97.07                    [1770900128]
   1780022723       1     4  97.07                    [1780022723]
   1780642611       1     4  97.07                    [1780642611]
   1780646349       1     4  97.07                    [1780646349]
   1780973255       1     4  97.07                    [1780973255]
   1790103794       1     4  97.07                    [1790103794]
   1790273951       1     4  97.07                    [1790273951]
   1790361400       1     4  97.07                    [1790361400]
   1790742096       1     4  97.07                    [1790742096]
   1790742799       1     4  97.07                    [1790742799]
   1801123997       1     4  97.07                    [1801123997]
   1801273859       1     4  97.07                    [1801273859]
   1801278734       1     4  97.07                    [1801278734]
   1801877329       1     4  97.07                    [1801877329]
   1801882865       1     4  97.07                    [1801882865]
   1811083066       1     4  97.07                    [1811083066]
   1811142979       1     4  97.07                    [1811142979]
   1811201940       1     4  97.07                    [1811201940]
   1821061094       1     4  97.07                    [1821061094]
   1821406232       1     4  97.07                    [1821406232]
   1831264571       1     4  97.07                    [1831264571]
   1841429842       1     4  97.07                    [1841429842]
   1841619236       1     4  97.07                    [1841619236]
   1841853926       1     4  97.07                    [1841853926]
   1851325427       1     4  97.07                    [1851325427]
   1851339154       1     4  97.07                    [1851339154]
   1851483614       1     4  97.07                    [1851483614]
   1851928451       1     4  97.07                    [1851928451]
   1861507956       1     4  97.07                    [1861507956]
   1861735839       1     4  97.07                    [1861735839]
   1871150151       1     4  97.07                    [1871150151]
   1871539270       1     4  97.07                    [1871539270]
   1871549089       1     4  97.07                    [1871549089]
   1871577924       1     4  97.07                    [1871577924]
   1871583930       1     4  97.07                    [1871583930]
   1871687038       1     4  97.07                    [1871687038]
   1871880906       1     4  97.07                    [1871880906]
   1881057198       1     4  97.07                    [1881057198]
   1881184240       1     4  97.07                    [1881184240]
   1881696813       1     4  97.07                    [1881696813]
   1881759025       1     4  97.07                    [1881759025]
   1881794873       1     4  97.07                    [1881794873]
   1891080255       1     4  97.07                    [1891080255]
   1891280707       1     4  97.07                    [1891280707]
   1891777405       1     4  97.07                    [1891777405]
   1891927125       1     4  97.07                    [1891927125]
   1902295165       1     4  97.07                    [1902295165]
   1902913700       1     4  97.07                    [1902913700]
   1912002965       1     4  97.07                    [1912002965]
   1912009507       1     4  97.07                    [1912009507]
   1912135336       1     4  97.07                    [1912135336]
   1912267972       1     4  97.07                    [1912267972]
   1912388174       1     4  97.07                    [1912388174]
   1912908229       1     4  97.07                    [1912908229]
   1912932906       1     4  97.07                    [1912932906]
   1922273200       1     4  97.07                    [1922273200]
   1932339025       1     4  97.07                    [1932339025]
   1932605474       1     4  97.07                    [1932605474]
   1932696564       1     4  97.07                    [1932696564]
   1942664545       1     4  97.07                    [1942664545]
   1942697297       1     4  97.07                    [1942697297]
   1942829544       1     4  97.07                    [1942829544]
   1952664443       1     4  97.07                    [1952664443]
   1962842567       1     4  97.07                    [1962842567]
   1962908798       1     4  97.07                    [1962908798]
   1962931543       1     4  97.07                    [1962931543]
   1972588077       1     4  97.07                    [1972588077]
   1982262986       1     4  97.07                    [1982262986]
   1982266524       1     4  97.07                    [1982266524]
   1982280350       1     4  97.07                    [1982280350]
   1982620837       1     4  97.07                    [1982620837]
   1982658738       1     4  97.07                    [1982658738]
   1982666038       1     4  97.07                    [1982666038]
   1982667747       1     4  97.07                    [1982667747]
   1982680740       1     4  97.07                    [1982680740]
   1982809463       1     4  97.07                    [1982809463]
   1992798797       1     4  97.07                    [1992798797]
   20-1629205       1     4  135.70                 NORTHAMPTON NEUROLOGY LLC  [1417932542]
   20-8220798       1     4  167.83 | 167.85        BOSTON PAIN CARE CENTER INC  [1518225952]
   22-2984590       1     4  166.24                 JOSLIN CLINIC INC  [1093762601]
   23-7089746       1     4  238.33                 NORTH END COMMUNITY HEALTH  [1518957422]
   23-7211732       1     4  143.66                 UPHAMS CORNER HEALTH COMMITTEEINC  [1801879150]
   23-7425849       1     4  143.66                 NEIGHBORHEALTH CORPORATION  [1184644536]
   26-1149064       1     4  166.24                 NEUROLOGY AND REHABILITATION PC  [1912988486]
   26-4769083       1     4  173.66                 AMAC NEUROLOGY AND SLEEP MEDICINE  [1891903712]
   27-1310998       1     4  209.73 | 219.73        NORTHEAST ALLERGY AND ASTHMA AND  [1164573283]
   27-2167790       1     4  158.90 | 165.50        PRIME MEDICAL ASSOCIATES LLC  [1609825181]
   30-0716804       1     4  155.99 | 162.40        PHYSICIANS OF FALMOUTH HOSPITAL  [1720050073]
   33-3744218       1     4  221.43                 SUDBURY NEUROLOGY PLLC  [1013295716]
   42-1635707       1     4  155.99 | 162.40        NEUROLOGY CONSULTANTS OF CAPE COD PC  [1124120613]
   46-1641009       1     4  97.07                  ROBERT F DONNELL MD  [1265649974]
   80-0482067       1     4  221.43                 EMERSON PRACTICE ASSOCIATES II INC  [1184614414]
   81-1807730       1     4  140.56                 RIVERBEND MEDICAL GROUP DBA TRINITY HEALTH OF NE MEDICAL GRP  [1174028963]
   81-1978165       1     4  158.90 | 165.50        ARCANGEL NEUROLOGICAL CONSULTANTS  [1538131479]
   82-2370807       1     4  135.70                 HAMPSHIRE NEUROLOGY LLC  [1689675761]
   82-2527625       1     4  155.99 | 162.40        EMG LABORATORY LLC  [1306844220]
   82-4595311       1     4  166.25                 ALBERT L FULLERTON MD LLC  [1205822905]
   85-4055013       1     4  143.74                 MERRIMACK VALLEY NEUROLOGY LLC  [1982691655]
   86-1107709       1     4  167.83 | 167.85        FISCHER NEUROLOGY ASSOCIATES PC  [1922143296]
   92-0700918       1     4  169.65                 MERRIMACK VALLEY NEUROLOGY  [1093944332]

Finding confirmed for 95922/95924/93660 (no professional non-26 row, no TC row): True
